30 30 
249 250 250 250 250 250 250 250 250 250 250 250 250 250 250 250 250 250 250 250 250 250 250 250 250 250 250 250 250 250 
250 249 250 250 250 250 250 250 250 250 250 250 250 250 250 250 250 250 250 250 250 250 250 250 250 250 250 250 250 250 
250 250 249 250 250 250 250 250 250 250 250 250 250 250 250 250 250 250 250 250 250 250 250 250 250 250 250 250 250 250 
250 250 250 249 250 250 250 250 250 250 250 250 250 250 250 250 250 250 250 250 250 250 250 250 250 250 250 250 250 250 
250 250 250 250 249 250 250 250 250 250 250 250 250 250 250 250 250 250 250 250 250 250 250 250 250 250 250 250 250 250 
250 250 250 250 250 249 250 250 250 250 250 250 250 250 250 250 250 250 250 250 250 250 250 250 250 250 250 250 250 250 
250 250 250 250 250 250 249 250 250 250 250 250 250 250 250 250 250 250 250 250 250 250 250 250 250 250 250 250 250 250 
250 250 250 250 250 250 250 249 250 250 250 250 250 250 250 250 250 250 250 250 250 250 250 250 250 250 250 250 250 250 
250 250 250 250 250 250 250 250 249 250 250 250 250 250 250 250 250 250 250 250 250 250 250 250 250 250 250 250 250 250 
250 250 250 250 250 250 250 250 250 249 250 250 250 250 250 250 250 250 250 250 250 250 250 250 250 250 250 250 250 250 
250 250 250 250 250 250 250 250 250 250 249 250 250 250 250 250 250 250 250 250 250 250 250 250 250 250 250 250 250 250 
250 250 250 250 250 250 250 250 250 250 250 249 250 250 250 250 250 250 250 250 250 250 250 250 250 250 250 250 250 250 
250 250 250 250 250 250 250 250 250 250 250 250 249 250 250 250 250 250 250 250 250 250 250 250 250 250 250 250 250 250 
250 250 250 250 250 250 250 250 250 250 250 250 250 249 250 250 250 250 250 250 250 250 250 250 250 250 250 250 250 250 
250 250 250 250 250 250 250 250 250 250 250 250 250 250 249 250 250 250 250 250 250 250 250 250 250 250 250 250 250 250 
250 250 250 250 250 250 250 250 250 250 250 250 250 250 250 249 250 250 250 250 250 250 250 250 250 250 250 250 250 250 
250 250 250 250 250 250 250 250 250 250 250 250 250 250 250 250 249 250 250 250 250 250 250 250 250 250 250 250 250 250 
250 250 250 250 250 250 250 250 250 250 250 250 250 250 250 250 250 249 250 250 250 250 250 250 250 250 250 250 250 250 
250 250 250 250 250 250 250 250 250 250 250 250 250 250 250 250 250 250 249 250 250 250 250 250 250 250 250 250 250 250 
250 250 250 250 250 250 250 250 250 250 250 250 250 250 250 250 250 250 250 249 250 250 250 250 250 250 250 250 250 250 
250 250 250 250 250 250 250 250 250 250 250 250 250 250 250 250 250 250 250 250 249 250 250 250 250 250 250 250 250 250 
250 250 250 250 250 250 250 250 250 250 250 250 250 250 250 250 250 250 250 250 250 249 250 250 250 250 250 250 250 250 
250 250 250 250 250 250 250 250 250 250 250 250 250 250 250 250 250 250 250 250 250 250 249 250 250 250 250 250 250 250 
250 250 250 250 250 250 250 250 250 250 250 250 250 250 250 250 250 250 250 250 250 250 250 249 250 250 250 250 250 250 
250 250 250 250 250 250 250 250 250 250 250 250 250 250 250 250 250 250 250 250 250 250 250 250 249 250 250 250 250 250 
250 250 250 250 250 250 250 250 250 250 250 250 250 250 250 250 250 250 250 250 250 250 250 250 250 249 250 250 250 250 
250 250 250 250 250 250 250 250 250 250 250 250 250 250 250 250 250 250 250 250 250 250 250 250 250 250 249 250 250 250 
250 250 250 250 250 250 250 250 250 250 250 250 250 250 250 250 250 250 250 250 250 250 250 250 250 250 250 249 250 250 
250 250 250 250 250 250 250 250 250 250 250 250 250 250 250 250 250 250 250 250 250 250 250 250 250 250 250 250 249 250 
250 250 250 250 250 250 250 250 250 250 250 250 250 250 250 250 250 250 250 250 250 250 250 250 250 250 250 250 250 249 
