97 53 26 47 74 16 45 66 35 68 4 0 66 23 75 12 69 24 54 28 63 13 40 11 95 19 21 28 69 72 37 10 
29 45 45 58 59 44 43 44 53 44 41 50 47 46 44 50 54 58 53 51 37 44 41 60 53 42 27 43 57 61 45 66 
28 45 56 62 61 54 52 52 45 48 49 47 48 42 46 52 44 49 55 61 56 55 57 51 40 38 43 55 58 48 47 15 
92 50 56 65 62 61 54 54 46 44 48 51 47 49 52 41 41 46 60 62 61 54 47 40 41 47 49 41 42 47 56 84 
67 57 63 62 58 55 43 43 44 46 48 53 52 44 50 51 48 49 58 60 61 52 43 37 45 42 35 39 43 52 51 74 
44 48 39 41 43 42 44 45 45 51 62 50 44 45 44 55 48 45 50 44 43 48 46 43 32 43 39 36 33 31 33 24 
56 36 33 41 47 60 55 46 41 48 52 43 31 37 42 37 54 57 43 37 29 46 51 40 31 37 37 31 27 33 29 19 
50 42 38 49 60 62 49 32 38 45 37 37 32 36 39 46 54 61 53 41 37 49 47 40 42 44 41 43 41 39 37 15 
82 56 55 62 72 59 49 40 36 42 41 37 30 30 43 50 53 62 51 57 54 57 52 43 42 52 50 52 48 45 42 39 
89 67 66 60 64 55 51 46 32 44 40 39 38 37 49 60 61 60 62 63 67 58 47 43 52 60 65 63 56 47 49 95 
81 58 56 62 56 58 49 42 33 36 36 41 46 40 40 51 58 57 56 56 61 57 50 51 54 61 64 63 56 57 66 64 
89 46 51 53 59 53 56 45 36 31 36 43 46 39 35 38 46 51 52 54 53 52 56 52 57 69 54 53 58 64 59 62 
78 53 54 54 48 53 58 58 49 31 40 40 37 45 44 40 44 59 55 48 43 56 62 63 66 57 56 53 59 50 46 48 
98 63 60 54 47 60 69 57 49 41 36 41 53 53 48 43 50 49 56 53 60 72 74 63 61 60 62 72 57 39 40 55 
40 55 43 43 58 65 53 44 40 44 48 61 56 46 44 42 45 50 47 50 60 68 73 57 55 56 60 63 46 43 46 90 
44 37 24 38 54 58 53 47 49 54 48 44 46 34 45 46 42 36 35 38 55 66 63 54 43 58 58 47 42 45 45 2 
91 47 40 41 51 61 62 50 42 35 32 36 48 50 46 46 38 41 50 48 43 54 51 41 46 61 58 45 49 47 40 11 
76 62 59 49 57 57 54 41 38 39 36 48 56 56 47 32 44 56 56 46 35 53 49 46 49 60 54 60 68 61 54 80 
35 52 61 53 53 47 46 54 54 55 47 40 41 46 41 40 38 45 45 50 55 50 50 51 55 55 69 73 67 59 61 78 
21 44 50 48 48 54 61 64 64 65 54 37 26 37 53 57 48 39 41 51 51 48 43 40 43 53 67 65 63 58 57 80 
61 40 43 56 66 69 68 75 65 55 45 38 29 42 48 55 51 46 46 47 57 49 42 38 45 54 56 66 69 66 56 7 
59 41 51 49 51 59 64 73 63 45 32 36 43 48 43 45 49 48 50 48 47 63 45 48 54 62 53 54 62 62 52 46 
4 46 43 47 43 56 65 66 61 46 32 38 41 36 36 37 49 58 50 51 55 59 57 57 60 58 47 39 48 46 42 66 
54 51 58 57 56 59 54 58 52 51 57 53 50 46 37 39 45 46 54 54 58 61 62 60 59 53 42 48 42 35 39 38 
88 67 55 57 51 57 56 51 55 60 61 59 56 44 38 36 40 50 64 58 56 64 57 62 51 51 52 61 56 44 47 75 
87 69 60 57 57 54 50 52 60 50 47 49 45 43 40 39 44 51 51 58 57 60 55 52 46 45 55 60 59 59 61 65 
49 56 60 57 58 43 43 41 47 41 32 32 43 37 33 38 44 52 57 59 71 61 52 52 51 51 48 45 57 66 63 35 
17 44 41 44 43 42 34 34 37 42 33 37 43 50 49 42 44 46 56 60 65 55 48 48 52 40 33 40 49 54 55 86 
44 46 41 31 38 47 45 42 36 51 57 51 56 62 61 45 41 49 64 57 57 59 46 46 40 36 39 44 51 58 62 29 
60 55 46 43 54 68 53 42 39 52 65 59 58 64 56 54 52 58 61 68 55 58 47 38 33 37 46 46 43 49 45 45 
75 56 56 56 62 60 55 38 42 58 74 65 55 64 56 49 44 40 56 64 64 67 56 35 27 39 41 36 26 28 31 25 
45 30 92 73 7 91 28 52 42 67 95 86 45 38 99 20 7 37 2 84 95 89 96 10 36 16 57 16 29 11 5 34 
